lata: 1.4528515016301178
historia: 1.26575659397028
rzeczpospolita: 1.0
instytut: 1.0
pracować: 1.0
199195: 1.0
prawnik: 1.0
historyk: 1.0
ranga: 1.0
badacz: 1.0
wykształcenie: 1.0
mina: 1.0
pan: 1.0
II: 0.63287829698514
wysoki: 0.63287829698514
przez: 0.40053493879481106
być: 0.36798268433245535
w: 0.30827173560341137
z: 0.23453083175432088
